10000 100 1.526400
10000 150 1.556800
10000 200 1.552000
10000 240 1.571200
10000 300 1.568000
10000 400 1.488000
10000 600 1.614400
10000 700 1.508800
10000 800 1.572800
10000 900 1.504000
10000 1000 1.528000
25600 100 1.566256
25600 150 1.515632
25600 200 1.521248
25600 240 1.510624
25600 300 1.521872
25600 400 1.518128
25600 600 1.514368
25600 700 1.537504
25600 800 1.518128
25600 900 1.503744
25600 1000 1.474368
102400 100 1.555776
102400 150 1.532656
102400 200 1.504848
102400 240 1.521568
102400 300 1.518128
102400 400 1.507808
102400 600 1.513744
102400 700 1.499216
102400 800 1.497184
102400 900 1.517664
102400 1000 1.513904
250000 100 1.557696
250000 150 1.526144
250000 200 1.521408
250000 240 1.523008
250000 300 1.513280
250000 400 1.510080
250000 600 1.514496
250000 700 1.527680
250000 800 1.518080
250000 900 1.499136
250000 1000 1.516864
640000 100 1.542752
640000 150 1.538896
640000 200 1.525152
640000 240 1.525696
640000 300 1.530528
640000 400 1.517952
640000 600 1.501504
640000 700 1.506576
640000 800 1.513072
640000 900 1.510704
640000 1000 1.501152
1000000 100 1.541072
1000000 150 1.530368
1000000 200 1.527152
1000000 240 1.533152
1000000 300 1.523376
1000000 400 1.514928
1000000 600 1.520096
1000000 700 1.512944
1000000 800 1.518800
1000000 900 1.504096
1000000 1000 1.514096
2560000 100 1.542176
2560000 150 1.532240
2560000 200 1.528256
2560000 240 1.517856
2560000 300 1.523472
2560000 400 1.515664
2560000 600 1.507536
2560000 700 1.508944
2560000 800 1.515056
2560000 900 1.510288
2560000 1000 1.508784
4000000 100 1.543504
4000000 150 1.528112
4000000 200 1.524784
4000000 240 1.526528
4000000 300 1.518592
4000000 400 1.513024
4000000 600 1.513360
4000000 700 1.507680
4000000 800 1.512416
4000000 900 1.510464
4000000 1000 1.507520
5760000 100 1.548096
5760000 150 1.530352
5760000 200 1.528784
5760000 240 1.523424
5760000 300 1.519792
5760000 400 1.518224
5760000 600 1.511344
5760000 700 1.507664
5760000 800 1.510656
5760000 900 1.510656
5760000 1000 1.515104
6760000 100 1.543600
6760000 150 1.534112
6760000 200 1.526928
6760000 240 1.522528
6760000 300 1.520112
6760000 400 1.515664
6760000 600 1.514256
6760000 700 1.511280
6760000 800 1.512880
6760000 900 1.510784
6760000 1000 1.509648
9000000 100 1.545136
9000000 150 1.532816
9000000 200 1.527824
9000000 240 1.522768
9000000 300 1.517840
9000000 400 1.513360
9000000 600 1.509376
9000000 700 1.511872
9000000 800 1.512432
9000000 900 1.510432
9000000 1000 1.509536
