10000 100 1.547200
10000 150 1.526400
10000 200 1.518400
10000 240 1.516800
10000 300 1.513600
10000 400 1.513600
10000 600 1.512000
10000 700 1.512000
10000 800 1.512000
10000 900 1.512000
10000 1000 1.512000
25600 100 1.538752
25600 150 1.523120
25600 200 1.516256
25600 240 1.513744
25600 300 1.508752
25600 400 1.506256
25600 600 1.501248
25600 700 1.500624
25600 800 1.500624
25600 900 1.500624
25600 1000 1.499376
102400 100 1.548288
102400 150 1.534368
102400 200 1.528128
102400 240 1.525632
102400 300 1.522336
102400 400 1.519056
102400 600 1.513744
102400 700 1.513120
102400 800 1.512336
102400 900 1.511712
102400 1000 1.511712
250000 100 1.547712
250000 150 1.533312
250000 200 1.526976
250000 240 1.523456
250000 300 1.520384
250000 400 1.516800
250000 600 1.513280
250000 700 1.512384
250000 800 1.511552
250000 900 1.510848
250000 1000 1.510400
640000 100 1.546176
640000 150 1.532000
640000 200 1.525296
640000 240 1.521824
640000 300 1.518496
640000 400 1.515280
640000 600 1.511456
640000 700 1.510368
640000 800 1.509824
640000 900 1.509248
640000 1000 1.508752
1000000 100 1.545984
1000000 150 1.532400
1000000 200 1.525776
1000000 240 1.522608
1000000 300 1.519408
1000000 400 1.516256
1000000 600 1.512752
1000000 700 1.511792
1000000 800 1.511168
1000000 900 1.510656
1000000 1000 1.510080
2560000 100 1.546336
2560000 150 1.532816
2560000 200 1.526320
2560000 240 1.523088
2560000 300 1.519760
2560000 400 1.516368
2560000 600 1.513136
2560000 700 1.512192
2560000 800 1.511600
2560000 900 1.511072
2560000 1000 1.510640
4000000 100 1.546752
4000000 150 1.532864
4000000 200 1.525984
4000000 240 1.522768
4000000 300 1.519552
4000000 400 1.516288
4000000 600 1.513120
4000000 700 1.512208
4000000 800 1.511520
4000000 900 1.511056
4000000 1000 1.510624
5760000 100 1.546432
5760000 150 1.533200
5760000 200 1.526272
5760000 240 1.522944
5760000 300 1.519792
5760000 400 1.516480
5760000 600 1.513200
5760000 700 1.512208
5760000 800 1.511456
5760000 900 1.510912
5760000 1000 1.510464
6760000 100 1.546576
6760000 150 1.532896
6760000 200 1.526016
6760000 240 1.522688
6760000 300 1.519360
6760000 400 1.516160
6760000 600 1.513008
6760000 700 1.512080
6760000 800 1.511376
6760000 900 1.510896
6760000 1000 1.510464
9000000 100 1.546864
9000000 150 1.533040
9000000 200 1.526416
9000000 240 1.522976
9000000 300 1.519568
9000000 400 1.516208
9000000 600 1.512992
9000000 700 1.512048
9000000 800 1.511360
9000000 900 1.510800
9000000 1000 1.510336
