10000 100 1.531200
10000 150 1.556800
10000 200 1.556800
10000 240 1.585600
10000 300 1.542400
10000 400 1.516800
10000 600 1.464000
10000 700 1.523200
10000 800 1.518400
10000 900 1.558400
10000 1000 1.457600
25600 100 1.575008
25600 150 1.498752
25600 200 1.545632
25600 240 1.517504
25600 300 1.562496
25600 400 1.561872
25600 600 1.533120
25600 700 1.505632
25600 800 1.499376
25600 900 1.462496
25600 1000 1.515008
102400 100 1.533120
102400 150 1.522656
102400 200 1.543280
102400 240 1.541872
102400 300 1.521248
102400 400 1.497968
102400 600 1.507968
102400 700 1.524368
102400 800 1.504848
102400 900 1.521088
102400 1000 1.512192
250000 100 1.528704
250000 150 1.533696
250000 200 1.531904
250000 240 1.514624
250000 300 1.504768
250000 400 1.519744
250000 600 1.510656
250000 700 1.509696
250000 800 1.520576
250000 900 1.506944
250000 1000 1.515648
640000 100 1.550144
640000 150 1.527776
640000 200 1.524304
640000 240 1.524448
640000 300 1.516496
640000 400 1.515552
640000 600 1.519600
640000 700 1.509424
640000 800 1.506528
640000 900 1.508608
640000 1000 1.503024
1000000 100 1.544464
1000000 150 1.534032
1000000 200 1.524048
1000000 240 1.521104
1000000 300 1.516032
1000000 400 1.514320
1000000 600 1.512128
1000000 700 1.509728
1000000 800 1.512176
1000000 900 1.519824
1000000 1000 1.508384
2560000 100 1.550992
2560000 150 1.534992
2560000 200 1.528736
2560000 240 1.520272
2560000 300 1.518192
2560000 400 1.517600
2560000 600 1.514320
2560000 700 1.508944
2560000 800 1.511856
2560000 900 1.511824
2560000 1000 1.510336
4000000 100 1.545984
4000000 150 1.527904
4000000 200 1.526624
4000000 240 1.523728
4000000 300 1.519632
4000000 400 1.518928
4000000 600 1.516016
4000000 700 1.511536
4000000 800 1.512320
4000000 900 1.513136
4000000 1000 1.505520
5760000 100 1.548576
5760000 150 1.533008
5760000 200 1.529136
5760000 240 1.521392
5760000 300 1.520384
5760000 400 1.517200
5760000 600 1.513072
5760000 700 1.511360
5760000 800 1.508992
5760000 900 1.511648
5760000 1000 1.511984
6760000 100 1.542864
6760000 150 1.531456
6760000 200 1.527248
6760000 240 1.523360
6760000 300 1.520480
6760000 400 1.517072
6760000 600 1.512240
6760000 700 1.511040
6760000 800 1.510752
6760000 900 1.511296
6760000 1000 1.511152
9000000 100 1.547024
9000000 150 1.531424
9000000 200 1.527584
9000000 240 1.523104
9000000 300 1.519456
9000000 400 1.515744
9000000 600 1.513008
9000000 700 1.511232
9000000 800 1.511904
9000000 900 1.510176
9000000 1000 1.509680
