250000 100 1.547536
250000 150 1.532464
250000 200 1.526320
250000 240 1.521824
250000 300 1.519376
250000 400 1.516016
250000 600 1.515680
250000 700 1.511808
250000 800 1.510960
250000 900 1.513056
250000 1000 1.510864
640000 100 1.545744
640000 150 1.532272
640000 200 1.525840
640000 240 1.522496
640000 300 1.520432
640000 400 1.516288
640000 600 1.512272
640000 700 1.511008
640000 800 1.510592
640000 900 1.510736
640000 1000 1.509712
1000000 100 1.546384
1000000 150 1.532928
1000000 200 1.526208
1000000 240 1.522912
1000000 300 1.519696
1000000 400 1.516512
1000000 600 1.513024
1000000 700 1.512064
1000000 800 1.511456
1000000 900 1.510096
1000000 1000 1.510448
2560000 100 1.546208
2560000 150 1.532672
2560000 200 1.526064
2560000 240 1.522800
2560000 300 1.519168
2560000 400 1.515824
2560000 600 1.512224
2560000 700 1.511600
2560000 800 1.511200
2560000 900 1.510624
2560000 1000 1.510016
4000000 100 1.546160
4000000 150 1.532608
4000000 200 1.526064
4000000 240 1.522640
4000000 300 1.519648
4000000 400 1.516000
4000000 600 1.512896
4000000 700 1.511872
4000000 800 1.511120
4000000 900 1.510704
4000000 1000 1.510224
5760000 100 1.546080
5760000 150 1.532768
5760000 200 1.525984
5760000 240 1.522592
5760000 300 1.519216
5760000 400 1.515984
5760000 600 1.512672
5760000 700 1.511712
5760000 800 1.511040
5760000 900 1.510560
5760000 1000 1.510064
6760000 100 1.546432
6760000 150 1.532944
6760000 200 1.525792
6760000 240 1.522752
6760000 300 1.519376
6760000 400 1.515936
6760000 600 1.512720
6760000 700 1.511888
6760000 800 1.511120
6760000 900 1.510576
6760000 1000 1.510032
9000000 100 1.546320
9000000 150 1.532544
9000000 200 1.526000
9000000 240 1.522656
9000000 300 1.519296
9000000 400 1.515968
9000000 600 1.512800
9000000 700 1.511744
9000000 800 1.511056
9000000 900 1.510608
9000000 1000 1.510176
