6760000 800 1.513098
6760000 800 1.510431
6760000 800 1.510514
6760000 800 1.510133
6760000 800 1.512696
6760000 800 1.509311
6760000 800 1.511501
6760000 800 1.511212
6760000 800 1.511856
6760000 800 1.513699
6760000 800 1.513356
6760000 800 1.508092
6760000 800 1.512036
6760000 800 1.514050
6760000 800 1.508440
6760000 800 1.514168
6760000 800 1.510033
6760000 800 1.509676
6760000 800 1.509276
6760000 800 1.514928
6760000 800 1.507725
6760000 800 1.510724
6760000 800 1.511948
6760000 800 1.513120
6760000 800 1.515228
6760000 800 1.513065
6760000 800 1.509998
6760000 800 1.510317
6760000 800 1.511302
6760000 800 1.512128
6760000 800 1.510305
6760000 800 1.511522
6760000 800 1.511657
6760000 800 1.510471
6760000 800 1.513399
6760000 800 1.512289
6760000 800 1.509662
6760000 800 1.511522
6760000 800 1.512424
6760000 800 1.514521
6760000 800 1.510036
6760000 800 1.511692
6760000 800 1.509638
6760000 800 1.510727
6760000 800 1.511328
6760000 800 1.514220
6760000 800 1.510424
6760000 800 1.511789
6760000 800 1.512071
6760000 800 1.511950
6760000 800 1.512462
6760000 800 1.509316
6760000 800 1.509555
6760000 800 1.512637
6760000 800 1.511583
6760000 800 1.512211
6760000 800 1.512303
6760000 800 1.509214
6760000 800 1.513650
6760000 800 1.511898
6760000 800 1.511879
6760000 800 1.513588
6760000 800 1.513039
6760000 800 1.511458
6760000 800 1.511998
6760000 800 1.512783
6760000 800 1.509775
6760000 800 1.511359
6760000 800 1.511600
6760000 800 1.511075
6760000 800 1.509217
6760000 800 1.511981
6760000 800 1.511375
6760000 800 1.512653
6760000 800 1.512002
6760000 800 1.511922
6760000 800 1.514305
6760000 800 1.509044
6760000 800 1.510194
6760000 800 1.509283
6760000 800 1.510554
6760000 800 1.513122
6760000 800 1.512054
6760000 800 1.509389
6760000 800 1.514738
6760000 800 1.509756
6760000 800 1.512395
6760000 800 1.510523
6760000 800 1.512338
6760000 800 1.511583
6760000 800 1.511491
6760000 800 1.512675
6760000 800 1.511633
6760000 800 1.510554
6760000 800 1.511579
6760000 800 1.511896
6760000 800 1.509875
6760000 800 1.509806
6760000 800 1.512296
6760000 800 1.508421
