6760000 800 1.510407
6760000 800 1.509922
6760000 800 1.509086
6760000 800 1.511555
6760000 800 1.512284
6760000 800 1.509938
6760000 800 1.512123
6760000 800 1.511770
6760000 800 1.510843
6760000 800 1.512012
6760000 800 1.511886
6760000 800 1.513553
6760000 800 1.509136
6760000 800 1.508722
6760000 800 1.511806
6760000 800 1.512644
6760000 800 1.508705
6760000 800 1.511046
6760000 800 1.509285
6760000 800 1.511134
6760000 800 1.511647
6760000 800 1.511529
6760000 800 1.511153
6760000 800 1.512362
6760000 800 1.512696
6760000 800 1.510293
6760000 800 1.513458
6760000 800 1.508698
6760000 800 1.512634
6760000 800 1.512341
6760000 800 1.507811
6760000 800 1.511150
6760000 800 1.510118
6760000 800 1.511820
6760000 800 1.512677
6760000 800 1.510201
6760000 800 1.512154
6760000 800 1.512213
6760000 800 1.514383
6760000 800 1.512783
6760000 800 1.511979
6760000 800 1.514239
6760000 800 1.510753
6760000 800 1.510814
6760000 800 1.510854
6760000 800 1.510843
6760000 800 1.510402
6760000 800 1.511768
6760000 800 1.512679
6760000 800 1.510386
6760000 800 1.509896
6760000 800 1.509569
6760000 800 1.513657
6760000 800 1.511643
6760000 800 1.511456
6760000 800 1.511025
6760000 800 1.512925
6760000 800 1.510658
6760000 800 1.511401
6760000 800 1.511191
6760000 800 1.513129
6760000 800 1.512452
6760000 800 1.510211
6760000 800 1.512464
6760000 800 1.514002
6760000 800 1.510421
6760000 800 1.511089
6760000 800 1.509579
6760000 800 1.510488
6760000 800 1.511406
6760000 800 1.511957
6760000 800 1.512021
6760000 800 1.512092
6760000 800 1.513619
6760000 800 1.511444
6760000 800 1.511794
6760000 800 1.511307
6760000 800 1.512393
6760000 800 1.510904
6760000 800 1.511425
6760000 800 1.510580
6760000 800 1.512192
6760000 800 1.511709
6760000 800 1.511160
6760000 800 1.510795
6760000 800 1.511434
6760000 800 1.511375
6760000 800 1.511512
6760000 800 1.509676
6760000 800 1.510144
6760000 800 1.511678
6760000 800 1.511957
6760000 800 1.509553
6760000 800 1.510563
6760000 800 1.512568
6760000 800 1.510312
6760000 800 1.512211
6760000 800 1.512194
6760000 800 1.511813
6760000 800 1.510996
